16256367
12270511
13373778
11744199
15946903
13512238
13807257
10866836
11678883
17900814
11352362
10438005
12412508
16208283
10834047
18419585
15093449
12126176
14671607
17600067
18741209
17224484
13420652
17454441
15392382
16017456
14364545
10244175
10867784
10020844
15861769
15149694
10256844
14388446
10444699
13822863
10636707
16227258
13453357
14550554
11057504
12690386
16937457
15160529
14653492
15311253
10823558
10851937
13381162
11857899
18133831
14433067
18465380
16750426
15760110
10949406
19058335
19085234
15144926
15176357
19864792
10265641
14868026
10042850
15616878
10134227
10744447
15999120
12486701
15811414
13807306
18602444
15614324
19243152
11042155
10292825
16708002
18560816
12059192
10091046
18722481
18613625
19157616
15714141
17470901
13345653
16971704
16907974
19067760
17848614
11819194
19487397
19767111
10758655
18950346
19358812
16656194
13259647
16900737
16574364
17168596
15483487
18399358
13986323
10998088
14207237
16125603
17503601
13184357
11712263
18908056
11652541
11136111
10200872
14835672
12176044
16174845
10229929
13100785
10715468
13325903
17226303
13932836
15523481
12390027
17229512
18646220
17158981
14055275
11477815
15991665
10873924
18382320
11168350
10144628
18199681
15760541
19931011
18513724
12684600
15441359
12412287
15040422
15844553
16095403
15447404
13695056
16615157
13669401
10483629
16444853
14747979
12194035
10108649
13468012
18481973
17428971
11829924
17988406
10891951
19631580
16528287
17317795
12071567
17073411
10200438
15796746
10634020
10213563
18594190
10124212
11726512
14858983
12205378
19651824
15066065
15786213
19077971
10489786
11890216
17570596
14646630
14604049
10602275
17011511
19083155
16714333
18625968
14319482
13666858
12023133
14947720
12598677
15477136
10353610
14851475
10770266
13300039
11337540
19305031
14247303
19029703
14068187
14543751
17459330
15616120
11360374
12873476
14994339
14364024
19972980
17470031
16840726
11880555
12045067
11265040
19645535
13093622
19815910
11167589
13156465
13755427
10762305
15148486
18922696
10853565
19424077
10314663
12228104
13716076
10769291
16978843
17158024
16014125
17715732
11713666
11125935
18270972
11979530
18780549
11884478
16215421
17380912
18543667
18306198
17626792
16669881
13067384
13100354
17319917
10714821
11720572
10647449
12855404
10855502
10180951
13932709
11676328
12019853
15288656
19902997
13065794
15938111
18551622
19920305
10321023
17887542
18925168
18728483
12087568
17140598
17548291
12093983
12854092
10133238
12447204
11419919
17785464
13647352
12772564
19222891
19495349
18779518
13632774
10196441
14067407
10130526
12752585
11915222
13879885
17589651
12420643
17199610
12068560
18561421
11345031
14397070
15627951
18924995
19445205
12400285
10902725
17876157
12932380
18393564
17681408
18781754
12458729
17155297
11283833
15072462
15868920
16623592
11114133
19024864
10566217
12610896
13015652
12153632
10966895
19996489
17775844
10673300
17592880
11494580
19015672
13470935
16437629
16783176
14244454
15978293
18638196
16081512
17178515
15999626
15689037
10843462
16305445
10418036
19833102
10786993
15945454
12789906
10059434
19874911
14888395
11152226
15999471
15112871
10398083
19219252
11966791
10412525
17400995
15962477
18848418
17458806
15395565
13882221
16287194
12625430
19530147
17568933
15522971
16086139
11320635
17117637
11865717
18854532
17778398
14757560
16104804
17075693
19095139
10576295
10993671
18271017
13893648
15347879
15807783
14728286
16604666
16596935
15727172
14948045
17074793
17906041
15114975
15681309
12321006
13385367
10163950
10127819
19982435
19904036
18810860
15592097
18848977
12354290
14227104
15647918
10511139
17935046
18878400
13637596
12439323
14629478
19829489
17834589
17136391
13465772
13148288
18567144
14062624
12871404
13881018
17648688
15987719
13740752
15309888
13418072
10910330
17322199
13836435
14875514
12967353
11321396
12184461
19140071
19227968
10804427
17346744
12471356
18892242
14447061
18361046
19417970
12684484
14668401
19733907
13818003
17819970
12070722
17054618
12606810
18350080
16487185
12979492
16265016
16957620
10043038
13550894
14714055
16679247
10631946
15215352
15958120
14260560
16282912
15207685
19376432
15104669
11803826
11611632
17303359
12697948
17482598
11065525
15854058
13783326
10451675
18547782
19947782
11699086
13070088
13803641
11962300
10769308
16056789
10857999
17666094
14709050
14799462
10342342
19657135
12229850
19586693
13422350
18363948
13296662
15915617
19935239
15627097
11413419
10622476
13399910
12989646
10640819
17393154
15904271
12290650
19502439
12302320
18043460
12367633
15283148
18298816
17315911
14128825
18051652
15334254
16773825
17801685
14982421
17115507
10982647
13953306
15923030
17892138
19960126
15920009
11268854
13863462
14388032
18207048
19817474
13978418
15371201
13358914
12130613
11179821
12678680
19482609
10074276
15610644
19160365
11817404
12925637
11002083
10652642
12856583
17609899
19272669
16089862
10893376
15307316
17865330
19604357
16167734
19766515
13351646
12665114
16069515
11089642
16867389
18824752
19765609
18504351
11866853
19285573
16949762
15018624
14439205
17132732
14348711
15689335
19869772
14259059
13339049
17371275
15521264
19404146
11618478
14964493
19400225
16606464
12784135
11176222
15713788
17179836
19584685
10696907
17693680
11277274
14509835
17525734
17539325
12760806
10834546
17566376
12569111
18994127
19636490
13020271
15059634
10353703
10104788
10611710
12410593
10847942
11353706
15207594
14738276
10223871
11384279
10475320
10358720
19726299
10315510
11243323
11249945
12491824
11574954
14365060
13045574
11298329
14806001
17795866
12820794
11376582
10338015
11625549
17060111
14102514
15992605
16576211
15077434
16600173
10022303
15759236
19168006
18323830
15774102
16584161
10646918
15356191
11742038
17913817
19828717
10689684
12623357
14538452
15801727
11962850
17369954
16989244
18439153
17477196
12096800
13676815
16951690
15064987
10562707
16820230
16461860
13803789
18466390
14754661
19177502
13427556
16922720
19280983
13647007
19227935
16626800
19595580
18903177
12465823
17129774
19342561
11912841
12004379
19919836
12455597
18956908
19450640
11965251
11285291
12415009
18225455
17904037
17005552
16408709
18663974
11687322
16698003
15516832
11465990
17576366
13946856
12896827
12286893
12818713
18962708
15071742
16787690
13104631
15086256
14221346
19390090
12198969
11501383
15083510
18991600
11199587
14455432
18554965
17819996
11931712
18514915
13249296
12948085
19824651
15606535
11313131
16147707
16325673
10792377
13353080
14203825
10620177
16798847
18305711
19865443
13417181
18433889
19995323
16240546
13980344
11152249
16505149
12978682
19619204
15573354
16647117
15956858
11360292
15672232
17061073
14234380
12247677
11328641
12450998
16593769
12708056
16275882
12307924
16222043
13387392
12426187
19385107
18776711
19793011
15053880
13520345
11043997
12383716
18207301
12107284
18817688
11005954
17617404
12466267
18945486
10474190
15618288
12401970
13900008
16346566
18480900
18510881
13379267
19256327
19200951
16418898
16774098
12454714
17276838
11862920
17673770
16898702
19053803
10004581
11819526
13675162
14268774
11726834
16284303
11812570
18601984
18789698
15614358
14683928
14388375
11170097
18672879
11317531
18739797
14813273
19048774
17152870
13260443
11140737
17693835
18243372
14684398
19910992
18456160
10013706
16369494
13519901
13593909
14283567
13568318
18415211
18045035
17983260
13561587
18209774
16584902
19439843
18800836
10794465
16469546
13243327
19877974
11234872
13440461
14762374
18644840
13068628
12520479
19735894
18029882
11523610
16158933
15809153
14439470
12665931
16657203
14913231
18955340
13408543
17854119
11531934
10630073
19798014
16787948
19955372
18853392
10087170
10452782
13024953
17393024
14526976
12907579
17215803
19285363
12939997
17965123
13254345
11102149
14583466
11697117
19297209
12314729
16771444
10522088
10106773
12444407
15244227
10815830
10380199
13584422
11178100
14991380
12253949
15375104
14728609
10432888
18891685
18350560
13313026
16674050
12503248
19243771
12599671
18286719
12969803
19170195
12443925
15575593
19302040
12482607
18111740
16652532
11063539
10624118
14047992
19083022
17913558
14516774
18622270
10967673
18540073
12294218
12218004
10614137
13339770
18911939
15819473
10321696
12722133
17759010
11257727
16613298
14692522
14304968
11701241
10312342
15211271
19452019
17071318
15302811
12163794
19657552
12581218
13256261
17371273
16126263
14229679
16883627
13703139
13646930
12217128
10321382
19318350
13509188
15038022
18107820
10078976
10640028
16001815
10800977
16231755
16123778
11616332
12581174
12723593
15006787
14986766
10768415
15011052
12143304
15661149
17930177
18957418
12547857
17867425
10279211
16960638
14294489
15685231
13865142
16227818
14423943
14417886
16347088
15350927
19514786
13641230
18712493
11148687
12722326
16844301
17335326
11531631
18292803
14531639
17116194
14104530
14265287
15098400
11243758
12495834
12192730
18869628
18071906
13111664
11339117
15486532
18363559
11449439
19493042
15183536
12974025
16189239
18131323
17727192
11463515
19430266
15415417
19990413
15297146
17919371
11086169
14353437
19523741
18663185
15103198
10804903
10317024
16105153
19060610
10303795
19236012
11854614
14541606
19705828
14163987
11404032
19999617
15534380
16894383
15071577
18950410
12651974
14048582
16343206
15824647
15815588
19906493
17318957
16954636
15161602
10715846
10390838
12251681
15356393
14631739
15277876
10556876
11867698
18686563
13917993
15066549
12639124
14156192
18706348
12983769
16696776
13411268
16547302
15741506
12801054
16951350
15910907
16535713
10981658
16590534
15414944
16554136
11902795
19811381
11503893
18762223
19803514
15130153
13667960
13883389
14954585
17029705
12705024
19754653
12572599
13269589
18736962
16859523
12650121
14008352
10636658
11371970
16067517
12736835
18623377
10188305
16534165
11572502
10829017
15712231
17370692
18109999
15478512
12289731
11774351
17051278
19462493
17119492
18607642
17099176
10484358
13939463
10151210
18282709
14086909
16022005
14385640
13907669
15783373
18837818
12984361
12790680
18871534
12297144
18548270
17763673
19695353
18126781
13179175
19153763
17503455
14496951
13795291
19794208
12499791
11528522
11074186
10843153
10412412
15065853
15635495
17250583
13714067
13205571
12591993
14938285
12650434
12091537
11871589
18449729
12777026
17706808
16304319
19629781
12341948
12847459
18077519
14400807
15346205
16840529
12571402
13818432
10375342
14976477
10933554
16618958
13240651
16217168
19369226
12532383
13994677
11219923
13046507
19040332
14448494
12173788
14415681
15330400
11022262
11045649
14088754
14611979
10003943
10983024
13533107
19352017
13313505
17280911
11411429
14517676
18700572
12849122
17040533
16445472
19717148
19639218
10064792
14991398
16174584
12017535
11722257
13696652
18531192
10076885
12837425
15417642
14923565
13881394
15766860
12753930
14167376
11942340
13161242
19613617
14718648
16658721
16085426
18920760
15500955
11030097
11411272
14968416
14521371
12472313
17662709
12976895
14820531
13420906
13150697
14956777
12169359
15402870
12423862
18445414
12371918
15916042
15473506
19233323
13726761
15465920
16182394
12037658
16125699
19522735
11440133
17106812
19009809
13747448
18427733
14674327
19389113
11034993
14545847
10892035
18075905
15553260
10895838
19698112
11781515
13165991
14040622
15038053
10406434
19443685
18964109
11066437
12361594
15454314
14191012
10945549
11845035
10869021
10423185
18702689
14657818
11452618
16063609
18748108
17506338
19564861
15958485
13316681
14089231
17919331
14734214
17113069
11226968
16244080
12440442
12288044
11335461
11083623
14732933
16492338
11296361
19030095
12526459
12511496
19811953
14017876
15907608
15758446
18580592
12929889
16397877
15097023
13815171
12705823
11432037
13184651
15932084
15979338
18649661
15212904
15330573
17721350
11721498
19834643
10644356
19413159
16515551
15704722
15695924
15454529
18133898
18993077
14238619
19193396
16494907
16894471
14022388
14436366
17838831
10734609
18363529
11660440
13040770
16164799
13363689
13239490
19809860
18475530
11287492
14795031
16632194
16083751
18426037
10618335
15151071
10893431
12686954
16515942
16758265
16732030
12135807
11954646
19374948
10147529
14611181
15224687
17375466
19344786
10119120
16122466
10979849
15691503
11156692
10074342
12065974
11912792
14330774
10173557
18231650
18058795
15430366
19789213
14514015
11479803
12487548
17670640
14888518
15339064
16277039
11967005
19052962
11776933
16395884
13387960
10059422
11339607
14365020
11346064
18919947
17746800
13122278
18678677
18690854
14628425
16947227
12708458
12225606
13858383
10633918
15146379
19616200
19830196
18274677
14077226
13267388
14786060
17530937
17351830
19553987
18257805
10161931
17777695
16888672
16203040
13144070
10051761
16341049
15654190
17977032
13719549
19768233
19139018
13541192
16052831
12574230
11215196
13732814
10017950
16406503
15974208
17544500
18450546
10835718
11572329
17605406
15186677
11451774
17527517
19982422
13859611
13369437
12914490
15470781
18024145
19377965
10582689
12666424
17351281
19751386
19675778
17348856
13026003
17000899
10836476
15053596
19291195
13473307
19788939
15339789
12391828
10955901
18341848
15273471
16585026
19937998
18960695
19502396
11254318
16089686
12640638
15377259
19799139
18296013
11501467
17292758
16773365
12925531
13736514
15489807
15154190
12652864
13509179
13791539
18646935
10515284
10056363
10786092
16629781
19890604
18648528
15631811
10016356
11133103
16112188
11282813
10983264
18213038
11536692
12995076
10631475
17110536
16065633
18628851
13060010
18002596
11675433
13643935
11687043
14578526
18131297
12323878
16404723
19832917
13460137
14245870
14359478
14991139
12838933
12797905
11611921
15196553
13750869
13708117
12487584
19495368
11510216
19920569
11902752
17853014
19298868
12604077
17838492
15214748
17904667
13870226
15709764
11766405
18455766
12838084
15340093
13123418
11743793
10452149
17125513
13211412
14302663
19142757
12037756
10780571
17459331
17670607
17961317
11782836
14665597
12445815
11626841
13804955
13666524
16646768
16841970
10547761
17202647
18568184
10038824
16500761
18738085
19139356
17517522
18102134
12762832
13132518
14359612
15069901
10363598
17240675
10600035
14665642
19851743
13850778
19765388
16225632
12183365
16182006
15172422
11736509
11634511
17697221
10368306
15006886
16291625
13672283
11635462
19410409
14246546
19780463
12718898
16370604
15423523
18654577
19774492
12602202
12478403
14825112
14434076
19374504
16496830
17768374
19331943
11116544
16208087
15845338
16743655
11481030
19162077
15221118
15699825
13115340
15805969
15715049
10074487
11695784
15755229
12136773
13606929
16136759
10674666
15267664
11889193
11752494
13332686
15017005
17414855
11685412
16988839
11036845
13977623
18620969
11103605
17926181
10610566
12421194
19063088
17013772
15870930
12704204
15589671
13378219
13772656
18465813
17960358
13469550
16943415
10489148
15071174
18282064
18376605
10333336
19880957
11886795
11980043
15108878
17605081
13693786
16136097
19031768
17585647
11849723
14605963
11428606
18245664
13655505
16404517
10509486
17212343
18285124
15351410
12289528
12047766
18460875
15134743
17072001
12205261
11080617
18639487
12408737
19640482
19304843
14900314
14737545
16168249
11417733
17496309
17740363
15348427
18724678
10712424
16980495
10654978
11176425
17789184
19902769
14521848
12280464
15779652
19789373
19074079
10300400
17130482
10467540
15979240
12635047
19817916
18351001
10124753
18402849
14097271
18791758
10171198
10687608
16303423
19233360
18444099
11125080
12809913
18041305
18037817
11533938
12865770
14709413
11695171
16506963
16757411
18774061
12239240
16630683
13297221
11458848
14277296
17757831
14943501
14661675
16839386
13764032
16296968
16801459
13377625
16259331
16822654
11183217
12606196
12610310
16204402
19655875
11803350
11781648
16433328
17773784
19746555
12853684
12506015
15745949
15767047
14556988
15525159
11400189
16549600
10133341
15809953
14440845
12251897
18934889
17462523
10965860
15917728
18042798
15212479
13594843
14669430
12949689
16782272
13884314
10275138
17426969
14956631
13440815
11536509
19127691
11024064
17356518
16047805
10550634
18974642
15187362
10669610
19219421
18351943
14845831
14880406
16554807
17354068
16683828
19288826
11937557
14885755
17894658
13421190
19484129
15810599
17574413
15998023
12952991
19966534
17022413
13844720
13947196
11376852
11734599
11399491
12815766
15118964
17140600
12193498
12543730
14529399
13939225
11308545
10881904
18798258
16061318
11251002
13702390
17607756
17356384
13401311
11353217
17793479
11676560
12378796
15781335
17805405
15712901
11527111
14840800
12812535
13911136
13719906
19063366
16958794
14385611
19645633
10173160
19034298
11514331
11954075
18563028
18307521
14020098
19583834
17423674
11985262
14962854
14109541
17828377
17027209
18475621
12748212
15047959
10250841
15540840
19822641
14125380
16624144
15224037
10112817
16453629
18000651
14889891
10328445
10354160
17721726
11741679
14289798
15364303
11407681
10990888
12486185
12123450
19898975
15861994
12035477
18125914
13046970
10928917
16153284
19428199
15836693
17714146
19103151
19564565
15018063
17010393
15846808
14416432
15936796
13740772
10926951
17717699
17185365
16136173
18869762
13109820
17209844
18193474
17654675
16723166
14392206
12223473
19688865
11355129
10178596
10862260
10803075
19229261
12084233
14248323
14934579
12946030
17050945
17786686
13329909
15761862
15788852
13194633
19793706
19187343
14674039
12626052
14547411
14146915
13930284
14464057
14485645
12605430
18288997
12391368
14281255
15848221
16580469
19921359
15933946
17328620
15796630
17601514
14790435
15786225
18498155
13852429
11161502
12997610
17300820
11841828
15664147
13872494
19545353
17936569
16902258
13760364
11728608
19514589
10227080
13998362
14601376
15010922
16777082
14772654
10300251
14888353
13124365
16302756
17011647
19223717
18596086
17166025
14586887
10844684
17898658
13121500
15454217
13343667
13062195
17199511
15185657
15721626
19088862
12136175
17934321
16652268
14662231
17971274
11818215
16833834
16350620
18908498
16840963
11233573
18559693
16533389
15114979
12777598
14447764
14554588
14953688
16307630
19519959
15361013
17316333
18394088
11678728
10236644
11854429
10093448
17557788
11265981
15301067
10871901
18315915
17347539
11184153
19720744
16775000
11841225
13527085
11332403
10497429
10833294
16879971
12507493
11656094
17833104
15388321
10890406
10046962
18084646
13700740
13016440
18226591
18023268
14401265
16455643
16421533
14883095
17778069
15438415
13621385
17199761
13379149
19863944
11694479
15181509
16331880
14899237
16400824
10734439
16519268
11249180
15502713
13806788
19545626
11871059
14456733
15142278
13566394
16436849
10928217
14371519
10242389
12705327
18312512
19732438
17257228
10621923
19840673
10327648
19233480
17101589
14358470
14775102
11166826
14039370
18772450
12959038
19756153
18990777
14887602
15311646
16763781
13767036
10965641
13261449
17245443
18815668
10581302
19367746
14421419
10495929
18887505
17725450
13625310
18640991
19391585
11931726
12736679
17189873
19740842
14757168
17070747
13632880
11889950
11529801
10579959
11524013
12887688
17378165
16145519
16751189
11601103
16845843
12738650
16650837
15610631
12458026
18899379
11489877
11232771
19600048
18431338
12627953
18885731
15508423
16670289
19238117
14893985
11640605
14172685
15502911
16295769
15912914
13678982
17910445
11123619
11729750
16720337
17722986
16156475
10432712
12655704
17752597
16210450
16496283
17285570
16502987
13749577
16761495
16713312
13897426
17760223
11795362
10457519
17976756
17242755
11049503
18359385
19436858
11820574
12529524
14150715
15122705
14934888
15691913
15534572
19001582
10725346
19136481
13527410
10045295
14278965
14423180
17511527
13905254
11657252
17833625
16948830
10437479
16375510
16032668
10737162
16509998
12539368
18070781
18891157
16148023
19816319
19502567
18714055
18378293
17148513
15588710
15481787
19204943
16444993
17609971
15389580
12392037
15547734
14078765
13942412
15278153
19115555
18154641
13266734
13277402
19515175
14036103
19419898
17457019
15793767
16794244
14293536
19933426
19634460
12314650
19071992
15603841
18108493
10941973
18033496
18878577
13461236
18861820
19073591
16982499
15853856
13265611
18357674
10671375
13506826
13630577
10610622
19210649
13272314
10459716
17160408
16860738
15962571
17256621
16673074
15157423
18148758
12152414
14097408
13660225
18804176
14004839
19772263
18951241
17631932
19127121
17961833
10908671
18210672
10048248
12069332
19190715
12496531
15809641
13904541
17266357
10781328
11784241
12614223
16976744
11409849
18872291
12684438
14585503
18432867
16204064
17625927
14838776
17292145
15908111
19660317
17584230
19990745
14027025
14748772
10532982
15038076
10581968
15038642
15465722
17493650
11674082
18625360
12014125
15894262
12290728
18588487
11361565
12858519
10959516
13874216
13881165
16040445
10180099
13619408
19404388
15698939
19934136
12985546
15949369
10325833
10143613
17492519
16337986
13187280
16989963
12506129
11469337
10381339
17689486
11705269
18706885
14803771
17734675
11472420
13021612
19152133
11592663
10092087
14268737
15378369
12279213
19299573
18693239
13153837
10377309
16037771
13002286
17417445
13509769
17588529
17331478
16873607
11388417
10300874
18628636
12929409
14891010
14874003
11519175
16661677
14051032
17881346
13547966
18529174
16966401
18914038
11989584
10718788
13834342
15909448
16351156
14932287
11606618
11253423
13571403
12594715
13945512
12488616
16795847
10307909
19977301
16718659
12802356
14014968
19028873
15837731
10135204
10607236
19144390
12917741
14338460
15532480
10179798
19623295
19246717
16473800
18946882
11178996
11172498
14051005
12072611
15206499
10702473
11697988
16338207
15344585
19757641
12157252
19832704
14833705
15441124
18806619
10506177
11121567
13178539
14821806
14237165
15779591
19724460
15667712
15132523
12075256
11910916
13297323
17554158
13264070
19474348
15145843
12875284
10055462
16290339
12654993
12267425
18180362
14897632
18376163
11558410
17529327
13206107
13146111
19597011
12122249
17072899
12473187
19467106
12268516
15659302
14057933
16368977
12666488
13411671
19914678
18819440
16172371
13847783
10806605
12658989
15131477
12813733
19322805
12457752
19487601
10407594
14368121
19330524
17921628
16276095
19572433
10602699
13686949
19983579
18507413
15090342
11959577
13029257
10167640
12156211
13102450
12068929
13444825
19410722
12259246
13400657
10265580
18605350
17664507
12462946
13634391
13336243
14397447
13866773
12054555
16679372
18949759
16070390
18590776
10981721
14647993
18503670
10238009
11772234
17621815
12079410
18302114
11777130
12566120
13219962
16543369
15513546
19050999
10041228
13318284
12184663
16260718
12277485
12410186
16539318
14474393
13541564
14004963
17463237
15264756
12326659
12346338
11755790
12117325
18787122
18770280
10102424
14535803
19773088
18102508
12195818
16932523
15137037
18336981
17375589
10674645
13398857
10922734
19763054
12807577
16622775
12758769
19312872
15637367
12996372
13708427
18651143
18970739
19603571
13121755
12823542
13287608
18548301
18465087
14041294
15462512
17938380
17021471
15826029
15817073
17558723
17062331
13415689
15526664
13028911
17469861
10614651
15516712
11563826
18135309
14078368
16321244
18779985
10601189
11053730
10923633
15957954
19022244
16618110
15389780
19413366
19492261
16756890
11753151
10462328
17509024
15233850
13125061
18056227
13142093
19878383
14129058
15735452
19251230
11292110
13304394
13803449
18790508
11185355
15044105
15272969
10358353
18405209
19187282
19310460
11828940
18552747
18130765
13245436
18436045
17938090
16385776
19018745
10826836
11890827
11807748
14071540
10087709
13343155
16197025
19649671
17398226
19549950
12195232
14741862
16071050
16851226
17946183
14039417
12502885
18506291
15286194
15943116
17493626
11047654
19990056
12991232
10335780
17485218
10178518
16726374
19754832
16520972
19893804
17238142
17880388
16700431
11357781
15754161
12405313
12879507
10456795
11810583
15699965
10583626
14739817
13023844
10655966
12684378
18906725
14665566
14589702
12567165
15217829
16228803
17229619
11382612
10290131
12064701
10231616
12797907
11622909
15855412
11283043
19285545
17686838
18129928
19172811
12384927
11847979
11725985
11839502
14236829
19164689
10595027
18909113
17038634
18641444
15705318
10218463
15263436
13510789
16323991
10761901
11272970
15737161
16148258
18135682
19665842
17820217
18455092
19226611
13990934
10649092
11048264
19773068
12582154
19070073
19652939
16785621
10840444
16931098
10219196
16195403
14329801
12356508
12684190
16358094
10418354
18597149
16324367
17696169
17001893
18269339
10358755
13423206
19248701
13496335
11588547
16657300
12889217
12358711
11093204
15071345
18990499
15293058
12766608
12799896
11017763
11371387
19161493
13244436
16837254
19633537
14703186
13293393
15274173
10593294
12501984
12029873
16541702
10135627
12916926
17738335
14073372
16699881
15604833
10369262
13139243
12452500
17274969
17648506
19705388
18600399
17136075
19619214
10527710
10044841
13601339
14962851
19190678
17259112
19640638
12344983
10445350
14873588
15855353
14143831
12268955
13370575
15586409
18036282
16860709
12953507
19364116
11106598
14837504
18783745
17482386
10710343
13998098
12607438
13292446
11894945
16118528
14609718
11184474
11353350
14229417
15135532
10907625
19303184
18430533
13335010
15747399
10849587
13059960
16103653
18123270
10053660
14679920
12157148
13906221
11915262
13746805
13884884
16315215
19942550
17968650
12732879
12419815
18955311
13875792
12045304
10030923
16883140
17068309
11493594
15990104
13638785
13670985
19518371
13214091
14047071
19413212
16189087
19546696
19450096
19200361
19973115
12035355
12085349
17885848
14503083
10164433
11285580
14303327
11125286
13227890
18553637
11867677
16243943
16981912
19394661
16953622
10869194
12312560
12144033
10248915
13088798
15969439
10613065
13009828
12839340
10383820
10746554
14400274
10948263
13378115
12248923
16379636
15528455
11516131
16809076
11386610
18807295
16234674
15058590
19896060
15442476
19790403
18547097
15406504
16773252
14890628
15979645
19671765
16824387
15195565
19591292
15786658
10082565
19012118
10446050
17215021
18952058
14713139
11690809
14164584
11348107
13189367
13205131
10065262
13722581
16553938
13654340
10035601
13799759
10659186
15995476
13792644
18901292
19532674
16486586
15062539
19947001
11501140
10541884
17022007
13494193
17606428
18138690
18577813
19789475
17561884
16857639
12233478
12894995
16185760
17563053
15531120
13128680
18821637
15112710
13303258
16590851
12911583
14704255
15153324
10466451
18352034
10604799
19598725
18007176
16282354
19491259
17740910
15991130
12360784
12887123
18032581
12794472
19683863
11113029
17788845
14566820
17008628
17794902
15361409
16931383
14332290
18125444
13476717
12535368
18809497
17313683
11998237
14655608
16170455
19966504
18299860
13990953
15625390
14708274
19135544
17369701
16002252
13370808
12971021
19613463
18529916
18860277
10664539
10737768
17202576
18248798
16250305
16890819
18737326
11719272
11145826
14631080
16258912
13366390
17098950
12389260
10468614
18742451
13409612
16340605
18494667
18348861
13853786
12184230
10705360
16722571
19620587
15281446
16456768
19605776
16598947
13918858
16240944
19853984
10337771
18839007
19518054
10400606
10621924
15734764
19826120
11782931
10597851
11936158
13842837
15903263
13867226
11330681
13412489
10897584
17359764
14291289
14176983
17042415
13454101
19617860
19553402
18835179
17574767
18671091
13251747
16940285
11894854
13867723
13986500
14994983
12912609
13759397
11402677
14394057
15380355
14729941
13040085
19687669
12789985
17856793
19457154
16484319
10556614
14670138
12122411
15879158
10560605
18684366
10059128
11950371
19938136
15720871
16227081
13871682
16619278
12972335
12923575
14664896
10739952
14923692
13724215
17660931
17151096
19015589
12423683
18158374
11989875
13085725
17802883
13572606
14920015
13509559
16743480
18116478
14551858
12946631
12097931
10064028
13710799
19889617
12171285
14179725
14415874
19154776
16854460
17560590
18105575
10969377
17848905
13597160
15914601
16028374
18875216
12687731
11705638
12520796
12428350
10430059
15633967
11994507
16674477
10045406
17747309
17708589
16230095
11400830
12295082
18222636
19005199
14737261
16393549
14644115
19373575
10505792
13262556
10501264
10980380
10697216
11026125
13113191
14355938
16926710
12228397
16509983
18642819
15635876
19304087
14953893
13036657
18498772
12296705
12722698
11526956
16073120
16709872
14819093
13080497
16491056
10160508
11919288
10067339
13699970
17807378
11252471
10156114
16351733
18203978
16478399
16644649
13325734
10692483
18407101
13113663
11725620
15422936
14391077
11028313
12489451
10315855
11016576
17599570
13873577
13966601
15292546
14936630
13789450
14288022
18913874
18835209
12801265
13867032
19384185
19636470
15221734
16776601
11039379
17099999
18300934
11236524
17425290
11974195
19277436
10889435
14313150
11565043
19644982
17220399
19086762
17031590
13594023
19362196
12211520
14419376
11615240
11413946
14333976
17603076
18496944
12897551
15186063
15539912
14843680
16230464
18563407
17104130
13701156
15325975
13695151
15680283
10799304
14417286
11710207
12929793
13035455
17544290
19652997
14982209
10196783
10832304
18098893
18277633
13845649
16494213
11592848
18889068
18070182
15110805
13324708
10908864
19311181
15440443
18739678
10562736
19865535
17312342
12232834
14267311
19137916
14338711
15112370
18370868
11252473
13372617
17072774
11071041
12785676
16239084
18178659
11299321
14181695
11625475
19363076
14845931
19539254
15778231
19545567
10483245
15161056
14216264
13473270
10970536
11731070
11531086
18908817
19106455
10657094
15229558
10505599
15353075
14954290
18509547
11916470
18857971
10054838
19909654
10292834
14590069
14127800
12035668
15650822
19219048
15272972
12877396
15330824
17120497
15463388
17883000
17048221
12044669
12912558
12124858
11667198
10218179
18135532
12164178
19415245
15892713
11694480
16665611
10767336
17937658
15188758
17289796
18506757
13920030
17043478
13154072
11603945
16350269
15325431
15551517
14457959
19832721
19279284
10134159
19975800
19346994
19573302
15443893
18552814
17960493
14039172
11578688
16781221
18180245
11366102
15565943
11457729
13038091
10022138
18252544
19452434
13123049
14359561
19130552
10281544
19313525
15345829
19038198
17785402
14306911
14073989
15042278
12679784
17477593
18003257
12195225
15861887
14151554
15079748
11199118
11099157
13961119
10808820
13379197
17782936
11925359
18146025
13751957
14914381
11100286
11785672
18381620
16069179
13968207
14096955
17009517
12839250
18474015
18371758
11407888
12651136
11219669
15228464
18583080
16671950
18665601
12263832
15169631
10398076
17347125
18896081
12252005
10933477
19733108
11027627
18888209
11707152
14819220
15146350
17924760
15291119
15439308
11081315
17850106
11049886
18077582
19997942
12136045
14105614
18064570
14024891
16423900
13590005
18604889
15964588
15299808
15009025
13298984
14874241
19413029
15254247
15911388
16630507
15575823
19510919
14242820
17325578
17588336
19874733
14249742
13972198
18796816
10913642
11082987
16836484
17436666
11625072
18123494
16751265
19385743
19174553
13851756
12790744
13709370
18446233
11319076
10681778
19273640
15975779
13865647
11434979
19364059
16886765
16650731
14023701
16433350
12226631
19022520
11991688
13632696
15536291
17894981
19737887
10271581
12427383
19464231
15098984
11975053
16215081
14156241
12866401
17790884
10348998
11036072
10677279
16081547
11993033
18624904
15369574
17218308
15717702
15153447
10393990
17685246
14762481
17210932
12886322
19490006
10820636
11208033
12043736
19718364
17136027
16591791
14375826
18632194
14991494
13123986
16988144
10912353
10265117
11763978
18153746
18367822
11389563
18793409
10100069
13665079
10992912
18233180
15809733
16951395
19445041
12266825
19499935
17858833
17014872
12380805
13854313
13342373
14540525
14516718
12239886
11613957
14367214
14664140
16757950
12111125
10922025
16620600
16337868
18818111
18491760
19233321
17400998
18023000
17052377
19068946
17215099
10169126
14074575
16728880
14935573
17312134
13310570
14432070
14688070
18925428
17311272
11381969
14648507
17637163
18251584
15807388
14059411
15490273
18670484
13174813
14604935
16320632
10543852
10618715
13869498
16736607
16625110
15566446
17081669
16203515
17925094
15881145
19322049
11873309
13876060
12320730
13083624
19026464
11587364
17682495
19875275
19445337
14942183
15255954
16503754
19124574
14915336
10529551
12182326
19599869
12400798
11192867
17119508
13735649
13872940
15079020
18634191
11247168
14537334
16914412
15874501
16550892
15321909
11995561
11237748
12446675
18060870
14536429
18327159
15312183
12680345
12119593
13482480
16784611
11530344
14645493
14379580
13548418
15371140
13359244
11432570
11114826
15329661
13921026
15070189
11455025
14673234
18510772
10258570
12500369
13750561
10671679
15930532
12912023
15480612
15399199
10758328
19819686
19334927
16949543
15320559
13604725
10073313
13044060
15731991
12960444
16913647
14441749
14836560
10563038
13648302
10204164
17350205
13273428
18525639
16194708
19943078
16761651
13969741
15189669
13890652
19006301
13328858
19019063
10020803
19474563
10317226
12743100
18226047
11728960
11331751
16187808
18843114
11364448
11551866
11679072
11851355
15341998
10517562
17559273
18067622
10094300
15577810
11860935
17425980
19898192
18966941
11334296
13628840
10365044
12087283
19420418
13541860
13980248
18259524
16168714
12143941
11635970
18636321
11846360
15448153
13387090
14372861
17209419
17338999
12781379
12274110
11337267
19348297
12758678
12940790
12398684
18059189
13256567
12702560
13994086
18776076
16098524
16752340
16525767
18420596
13030643
14214970
19900314
11985317
15587353
18763159
17636227
14931322
17069941
13295041
10299751
15156086
14389997
16967148
15153820
13323499
10762954
13898786
19965438
13272613
14984468
18250341
17241500
15302516
19553411
16500360
15018928
17745086
16686707
17135625
17195125
13878112
13462128
10086033
13432327
15316077
12926935
11330024
12687985
13252872
10788242
12776060
13492317
19304633
19820873
19378431
11010553
13366051
16259267
12015363
17501079
17843323
11572256
11948372
18755846
18125797
17599524
16757971
19902213
11977422
12152118
11178757
17924235
14387063
17621076
10118882
16680131
11986417
15655534
16845247
11085716
11560156
10135102
16168184
14141153
11387483
17619434
11843735
16164852
19663637
16445231
14291383
14529434
16086307
13433251
14348727
12700908
11539284
12167626
18949786
19015155
12893210
10285498
13851694
11274737
19430102
19153575
17566824
13085803
16130680
19130951
19468134
17277389
12829161
17258167
19353191
17914991
17695455
13918466
16648081
16261450
17177775
12157939
15110222
17784254
12785022
17399127
16726886
13436432
16370994
13370690
12826961
19659843
15390863
14967095
18649367
15856438
19650462
18179493
12219379
10343346
15818443
10041674
12267368
12793888
15362456
18584555
19834779
12788486
11425821
16228755
13448082
16200842
12125795
15874702
12138647
18051613
16342389
12436931
13947384
18863121
19236424
18412833
17739845
19592623
16104342
14026920
19561664
19248561
15937977
10673167
10595259
18494565
17848669
13631238
17528256
14357847
16176923
18963665
17165006
18573107
14832948
16690355
17874187
15804654
12358049
10069759
17323524
11020544
14394934
11582032
19862780
15847405
14744828
17175297
14601571
15009325
11910713
12144690
17705675
10944198
15608398
13576047
14139820
18609171
17530111
12455219
19092765
10949805
18702255
18839817
10506575
17183766
11796372
19569052
18093647
15557173
16230577
19130794
10102296
11911383
17162252
10317427
10016341
10157462
12899813
17268437
10628360
15003843
17653834
17631171
13090540
19741866
14179545
14037432
17582167
17758725
15994047
11115139
14397708
19907503
10971752
12313561
16294934
19507458
15908842
13548339
18825376
15381087
18887488
11187349
10719132
13102623
13573788
16641666
18855811
14545533
12060692
13716110
15506351
17845864
18397419
13199891
12525036
16708086
10754998
13006373
19710818
17914198
13929225
11615059
14364127
19596797
14274636
17485241
19258533
18054800
19026660
18878077
15410293
14656837
13108609
12460683
11440863
11928677
13092227
